INIT 3
INSERT 10
INSERT 20
INSERT 14
INSERT 17
INSERT 23
INSERT 27
INSERT 15
INSERT 9
PRINT
[17]-[14],[20,23]
[14]-[9,10],[14,15]
[20,23]-[17],[20],[23,27]
DELETE 23
PRINT
[17]-[14],[20,27]
[14]-[9,10],[14,15]
[20,27]-[17],[20],[27]
DELETE 15
PRINT
[17]-[14],[20,27]
[14]-[9,10],[14]
[20,27]-[17],[20],[27]
DELETE 14
PRINT
[17]-[10],[20,27]
[10]-[9],[10]
[20,27]-[17],[20],[27]
INSERT 18
DELETE 20
PRINT
[17]-[10],[18,27]
[10]-[9],[10]
[18,27]-[17],[18],[27]
INSERT 19
PRINT
[17]-[10],[18,27]
[10]-[9],[10]
[18,27]-[17],[18,19],[27]
DELETE 17
PRINT
[18]-[10],[19,27]
[10]-[9],[10]
[19,27]-[18],[19],[27]
ROOT
[18]
EXIT
