INIT 3
INSERT 5
INSERT 12
RANGE 4 13
5,12
INSERT 20
RANGE 5 20
5,12,20
INSERT 17
RANGE 12 21
12,17,20
INSERT 15
RANGE 5 20
5,12,15,17,20
INSERT 30
RANGE 15 30
15,17,20,30
INSERT 13
RANGE 12 20
12,13,15,17,20
INSERT 14
RANGE 13 30
13,14,15,17,20,30
INSERT 16
RANGE 5 17
5,12,13,14,15,16,17
INSERT 31
RANGE 30 31
30,31
INSERT 32
RANGE 5 32
5,12,13,14,15,16,17,20,30,31,32
RANGE 0 100
5,12,13,14,15,16,17,20,30,31,32
PRINT
[17]-[13],[30]
[13]-[12],[14,15]
[12]-[5],[12]
[14,15]-[13],[14],[15,16]
[30]-[20],[31]
[20]-[17],[20]
[31]-[30],[31,32]
ROOT
[17]
EXIT
