INIT 5
INSERT 10
INSERT 20
INSERT 30
INSERT 12
INSERT 13
INSERT 11
INSERT 40
INSERT 15
INSERT 9
INSERT 8
INSERT 50
INSERT 60
INSERT 41
INSERT 51
PRINT
[20]-[10,13],[40,50]
[10,13]-[8,9],[10,11,12],[13,15]
[40,50]-[20,30],[40,41],[50,51,60]
DELETE 60
PRINT
[20]-[10,13],[40,50]
[10,13]-[8,9],[10,11,12],[13,15]
[40,50]-[20,30],[40,41],[50,51]
DELETE 40
PRINT
[10,13,20,50]-[8,9],[10,11,12],[13,15],[20,30,41],[50,51]
ROOT
[10,13,20,50]
INSERT 35
INSERT 36
DELETE 12
PRINT
[20]-[10,13],[35,50]
[10,13]-[8,9],[10,11],[13,15]
[35,50]-[20,30],[35,36,41],[50,51]
DELETE 11
PRINT
[13,20,35,50]-[8,9,10],[13,15],[20,30],[35,36,41],[50,51]
DELETE 8
PRINT
[13,20,35,50]-[9,10],[13,15],[20,30],[35,36,41],[50,51]
DELETE 10
PRINT
[20,35,50]-[9,13,15],[20,30],[35,36,41],[50,51]
ROOT
[20,35,50]
EXIT
