INIT 3
INSERT 5
PRINT
[5]
INSERT 12
PRINT
[5,12]
INSERT 20
PRINT
[12]-[5],[12,20]
INSERT 17
PRINT
[12,17]-[5],[12],[17,20]
INSERT 15
PRINT
[12,17]-[5],[12,15],[17,20]
INSERT 30
PRINT
[17]-[12],[20]
[12]-[5],[12,15]
[20]-[17],[20,30]
INSERT 13
PRINT
[17]-[12,13],[20]
[12,13]-[5],[12],[13,15]
[20]-[17],[20,30]
INSERT 14
PRINT
[13,17]-[12],[14],[20]
[12]-[5],[12]
[14]-[13],[14,15]
[20]-[17],[20,30]
INSERT 16
PRINT
[13,17]-[12],[14,15],[20]
[12]-[5],[12]
[14,15]-[13],[14],[15,16]
[20]-[17],[20,30]
INSERT 31
PRINT
[13,17]-[12],[14,15],[20,30]
[12]-[5],[12]
[14,15]-[13],[14],[15,16]
[20,30]-[17],[20],[30,31]
INSERT 32
PRINT
[17]-[13],[30]
[13]-[12],[14,15]
[12]-[5],[12]
[14,15]-[13],[14],[15,16]
[30]-[20],[31]
[20]-[17],[20]
[31]-[30],[31,32]
ROOT
[17]
EXIT
