INIT 5
INSERT 10
INSERT 20
INSERT 30
DELETE 30
PRINT
[10,20]
INSERT 30
PRINT
[10,20,30]
INSERT 40
INSERT 50
INSERT 60
INSERT 11
INSERT 12
INSERT 13
INSERT 21
INSERT 22
INSERT 23
INSERT 24
PRINT
[12,20,22,30]-[10,11],[12,13],[20,21],[22,23,24],[30,40,50,60]
ROOT
[12,20,22,30]
FIND 50
[12,20,22,30]-[30,40,50,60]
RANGE 11 23
11,12,13,20,21,22,23
DELETE 22
PRINT
[12,20,23,30]-[10,11],[12,13],[20,21],[23,24],[30,40,50,60]
RANGE 11 23
11,12,13,20,21,23
INSERT 51
INSERT 52
INSERT 53
PRINT
[23]-[12,20],[30,50,52]
[12,20]-[10,11],[12,13],[20,21]
[30,50,52]-[23,24],[30,40],[50,51],[52,53,60]
DELETE 11
PRINT
[30]-[20,23],[50,52]
[20,23]-[10,12,13],[20,21],[23,24]
[50,52]-[30,40],[50,51],[52,53,60]
EXIT
