INIT 5
INSERT 5
PRINT
[5]
INSERT 12
PRINT
[5,12]
INSERT 20
PRINT
[5,12,20]
INSERT 17
PRINT
[5,12,17,20]
INSERT 15
PRINT
[15]-[5,12],[15,17,20]
INSERT 30
PRINT
[15]-[5,12],[15,17,20,30]
INSERT 13
PRINT
[15]-[5,12,13],[15,17,20,30]
INSERT 14
PRINT
[15]-[5,12,13,14],[15,17,20,30]
INSERT 16
PRINT
[15,17]-[5,12,13,14],[15,16],[17,20,30]
INSERT 18
PRINT
[15,17]-[5,12,13,14],[15,16],[17,18,20,30]
INSERT 19
PRINT
[15,17,19]-[5,12,13,14],[15,16],[17,18],[19,20,30]
INSERT 4
PRINT
[12,15,17,19]-[4,5],[12,13,14],[15,16],[17,18],[19,20,30]
INSERT 11
PRINT
[12,15,17,19]-[4,5,11],[12,13,14],[15,16],[17,18],[19,20,30]
INSERT 3
PRINT
[12,15,17,19]-[3,4,5,11],[12,13,14],[15,16],[17,18],[19,20,30]
INSERT 2
PRINT
[15]-[4,12],[17,19]
[4,12]-[2,3],[4,5,11],[12,13,14]
[17,19]-[15,16],[17,18],[19,20,30]
ROOT
[15]
EXIT
