INIT 5
INSERT 10
INSERT 20
INSERT 14
INSERT 17
INSERT 23
INSERT 27
INSERT 15
INSERT 9
INSERT 7
INSERT 28
INSERT 31
INSERT 16
INSERT 18
INSERT 21
INSERT 22
INSERT 11
PRINT
[17]-[10,14],[20,23]
[10,14]-[7,9],[10,11],[14,15,16]
[20,23]-[17,18],[20,21,22],[23,27,28,31]
DELETE 11
PRINT
[17]-[10,15],[20,23]
[10,15]-[7,9],[10,14],[15,16]
[20,23]-[17,18],[20,21,22],[23,27,28,31]
DELETE 23
PRINT
[17]-[10,15],[20,27]
[10,15]-[7,9],[10,14],[15,16]
[20,27]-[17,18],[20,21,22],[27,28,31]
INSERT 19
DELETE 21
PRINT
[17]-[10,15],[20,27]
[10,15]-[7,9],[10,14],[15,16]
[20,27]-[17,18,19],[20,22],[27,28,31]
DELETE 20
PRINT
[17]-[10,15],[19,27]
[10,15]-[7,9],[10,14],[15,16]
[19,27]-[17,18],[19,22],[27,28,31]
INSERT 23
DELETE 17
PRINT
[18]-[10,15],[22,27]
[10,15]-[7,9],[10,14],[15,16]
[22,27]-[18,19],[22,23],[27,28,31]
INSERT 32
INSERT 33
DELETE 32
PRINT
[18]-[10,15],[22,27,31]
[10,15]-[7,9],[10,14],[15,16]
[22,27,31]-[18,19],[22,23],[27,28],[31,33]
DELETE 27
PRINT
[18]-[10,15],[22,31]
[10,15]-[7,9],[10,14],[15,16]
[22,31]-[18,19],[22,23,28],[31,33]
INSERT 60
INSERT 56
INSERT 57
DELETE 23
PRINT
[18]-[10,15],[22,31,56]
[10,15]-[7,9],[10,14],[15,16]
[22,31,56]-[18,19],[22,28],[31,33],[56,57,60]
DELETE 28
PRINT
[18]-[10,15],[31,56]
[10,15]-[7,9],[10,14],[15,16]
[31,56]-[18,19,22],[31,33],[56,57,60]
DELETE 19
PRINT
[18]-[10,15],[31,56]
[10,15]-[7,9],[10,14],[15,16]
[31,56]-[18,22],[31,33],[56,57,60]
DELETE 33
PRINT
[18]-[10,15],[31,57]
[10,15]-[7,9],[10,14],[15,16]
[31,57]-[18,22],[31,56],[57,60]
ROOT
[18]
EXIT
